1.0017518505100058 0.9021579959657653 -0.7152404440431621
0.9133637059139069 0.6873833727183949 -0.840237623494226
0.9630107583220423 -0.47027278984806287 -0.826419468401145
0.4113111105224644 -0.34095508082051595 -0.796467747506881
0.3582097024117209 -0.8095931986879478 -0.7470295583704263
1.0046538889438843 0.900086890404615 -0.7069741461603825
0.9234581743700596 0.6935317632280699 -0.8373628977800109
0.9613249602662913 -0.46602078809585856 -0.8176790953245565
0.4172872847568897 -0.3349722586124933 -0.7989703007718114
0.3680114118475174 -0.8017392618613254 -0.7502262440598697
1.007391664658318 0.8975886337584639 -0.6989465695454101
0.9338545575226717 0.7004333048505228 -0.8339621501285527
0.959386789827686 -0.4617116881140008 -0.8089212965334223
0.4233610750623976 -0.32914530400241 -0.8014547444857069
0.37790550436218767 -0.7935732473503353 -0.7534554543881743
1.009966611370574 0.8946470669980564 -0.69118867319569
0.9445488016126329 0.7081228601746306 -0.8299674948103397
0.9571888701365673 -0.4573450542237896 -0.8001507977537045
0.4295363675641044 -0.32347756534139516 -0.8039187426006748
0.387892574257845 -0.7850901864809093 -0.7567162662940041
1.01238036148842 0.8912423178030214 -0.6837380927674597
0.9555364173252923 0.716643560352411 -0.8252962392390898
0.9547233877592591 -0.4529205119060917 -0.7913727830869073
0.43581714588398135 -0.3179728634162599 -0.8063597489961094
0.3979733859108042 -0.7762844400527241 -0.7600076785898983
1.01463516652352 0.8873500133934504 -0.6766415630220296
0.966811544617092 0.726048550431587 -0.8198454947114738
0.9519820560352434 -0.44843775484233367 -0.7825929553457288
0.44220750809948733 -0.31263552817063395 -0.8087749880785534
0.4081488763894484 -0.7671496395884982 -0.7633285941738829
1.0167346110603575 0.8829402411538257 -0.6699585344545799
0.9783653637630939 0.7364032945350735 -0.8134841291420963
0.9489560753150849 -0.4438965528281319 -0.7738176063584394
0.4487116852102576 -0.3074704421590104 -0.8111614325372681
0.41842015854941794 -0.7576786179167974 -0.7666777992551398
1.018684886687247 0.8779761959344754 -0.6637667883235168
0.9901832595566964 0.7477885765649802 -0.806040271818696
0.9456360899492192 -0.4392967606740469 -0.7650536991577116
0.45533406146197725 -0.3024830919428451 -0.8135157778179056
0.42878852436002624 -0.7478633271469821 -0.7700539389266816
1.0204971891712957 0.8724124964577478 -0.6581715640467717
1.0022394848026805 0.7603042350750516 -0.7972810005132991
0.9420121419312281 -0.4346383282027762 -0.7563089644055867
0.4620791969579793 -0.29767962894106587 -0.8158344128062405
0.4392554481200845 -0.7376947416009534 -0.7734554882689392
1.0221925220110588 0.866193378060384 -0.6533212348197063
1.0144864670401972 0.7740731704481415 -0.7868774540349026
0.938073621191479 -0.4299213114306567 -0.7475920139663784
0.4689518531066814 -0.2930669416348643 -0.8181133861445137
0.4498225890825154 -0.7271627426280327 -0.776880717985686
1.0238121114087448 0.8592518932792153 -0.6494360893127581
1.0268316248684926 0.789243105191701 -0.7743407744756011
0.933809212691743 -0.4251458849739431 -0.738912475276143
0.47595702162731474 -0.2886527415286679 -0.820348367554034
0.4604917928085996 -0.7162559813951084 -0.7803276533560229
1.0254424264356854 0.8515150718835816 -0.6468656547605385
1.0390816765833928 0.8059750758564616 -0.758894525201629
0.9292068407327091 -0.4203123556405639 -0.7302811511656333
0.4830999581031744 -0.2844456659370935 -0.8225346035636841
0.47126509029219843 -0.7049617146443017 -0.783794025042202
1.0272840914895633 0.8429375174485966 -0.6462142135835256
1.0507892586560101 0.8243686303222665 -0.7391953324656857
0.924253611349725 -0.4154211770926326 -0.721710211271709
0.4903862214893942 -0.2804554016234457 -0.8246668673028061
0.4821446935036392 -0.6932656069633455 -0.7872772100672889
1.0298793007046827 0.8336822923715856 -0.6486380833337242
1.0607467777611461 0.8440592148208245 -0.7126712403309325
0.918935754592233 -0.41047296571523956 -0.7132134236034033
0.49782172160243765 -0.2766928350111103 -0.8267394030023176
0.4931329854638152 -0.6811514913092126 -0.7907741612299206
1.0350126686258827 0.8252214210698879 -0.6563818707257447
1.0649814622133382 0.8617688747699955 -0.6743281772538904
0.9132385706991751 -0.4054685206273632 -0.7048064394353122
0.50541277697956 -0.2731702395718807 -0.8287458691737434
0.5042325021312405 -0.6686010780545053 -0.7942813238813143
1.0472559307421019 0.8253917962073638 -0.6684047478173071
1.053317465883284 0.8600539564089301 -0.6264839176962937
0.9071463901903025 -0.4004088722843886 -0.6965071511474157
0.5131661786669897 -0.2699015356424753 -0.8306792927753723
0.5154459006313115 -0.6555936078447357 -0.797794540844178
1.0606121954631544 0.8319962891545505 -0.6725701595129709
1.0391003173565039 0.8438026857461359 -0.5961505005773793
0.9006425467807644 -0.3952954630159732 -0.6883360768737005
0.5210891974033615 -0.2669027390425792 -0.8325319900622913
0.5267758899652341 -0.6421054687150873 -0.8013089218862484
1.0726643912231124 0.8392350369575315 -0.6721962537558989
1.027708506916423 0.8259217055776201 -0.5759444681609778
0.893709285158298 -0.39013016990515154 -0.6803166970615674
0.5291896298957367 -0.2641923196111522 -0.8342953047229813
0.5382251268537024 -0.6281096338468136 -0.8048186264125885
1.0835652341016115 0.8460725080402189 -0.669416461889216
1.0188012919442473 0.8087141122390256 -0.5611192690518956
0.8863277393400795 -0.3849152369834115 -0.6724760398112405
0.5374759608703187 -0.26179159835672666 -0.8359594673220925
0.549796092116881 -0.6135749205010982 -0.8083166607947918
1.0935672112242973 0.8523385515079337 -0.6651815992393637
1.011815880312023 0.7925568541482048 -0.5495605013911465
0.8784779663779411 -0.37965329646666585 -0.6648453988263395
0.5459575222175589 -0.25972539438322106 -0.8375134491146626
0.5614908883813495 -0.5984650789257862 -0.8117946313673229
1.1028517536531466 0.8580312748859173 -0.6599740528174742
1.006347603991713 0.7774522467885764 -0.5401963860347417
0.8701390341563751 -0.3743473993359402 -0.6574611921396122
0.5546446915332772 -0.2580229082656336 -0.8389447699954682
0.5733109255845572 -0.5827375990616971 -0.8152424313105816
1.1115442343616833 0.8631838893187354 -0.6540697401590051
1.0021165327663588 0.7633243361484637 -0.5324147335525657
0.8612891943539055 -0.36900102895031883 -0.650366003561784
0.5635491676316168 -0.25671892751880215 -0.8402392580011566
0.5852564372697553 -0.5663421029652426 -0.8186478496492644
1.1197335838126445 0.8678338590351827 -0.6476413527248367
0.9989238145307928 0.7500875733753666 -0.5258331558741908
0.8519061867653182 -0.36361807754067704 -0.6436098508057148
0.5726843738754948 -0.25585551220084957 -0.8413807540036494
0.5973257318597507 -0.5492181204840757 -0.8219960876792192
1.1274850031754637 0.8720153126344068 -0.64080454864619
0.9966233788414559 0.7376637154800382 -0.520196254556976
0.8419677414976889 -0.3582027573269235 -0.637251726186199
0.5820660767577142 -0.25548442615377 -0.8423507520149935
0.6095140171044511 -0.531291912796551 -0.8252691668100913
1.1348477514610953 0.8757575649873406 -0.6336409527648964
0.9951046046035372 0.7259851238272608 -0.5153244299397018
0.8314523745018491 -0.3527594030321087 -0.6313614535400817
0.5917133825726979 -0.25567077515622366 -0.8431279644321656
0.6218115140524081 -0.5124717582108281 -0.8284452130398302
1.141860001076493 0.8790853171766059 -0.6262106253161736
0.9942815126618683 0.714994325771727 -0.5110861313950021
0.8203406115192159 -0.3472921009166043 -0.6260218912198038
0.6016504347948984 -0.2564986972380635 -0.8436878051145463
0.6342003355096106 -0.49264061696179173 -0.8314976073383855
1.1485519640990765 0.8820192604062995 -0.6185592966358734
0.9940858073270158 0.7046426750459834 -0.5073817586044
0.808616826492641 -0.34180405159259053 -0.6213314733866329
0.6119094978854239 -0.25808075996710605 -0.844001800654368
0.6466490832951411 -0.4716440299018367 -0.8343939937612086
1.1549479725751892 0.8845767043086075 -0.6107228031422531
0.9944622459471432 0.6948889554217395 -0.5041337940778648
0.796271939277213 -0.3362965450660734 -0.6174069997213111
0.6225370189137688 -0.26057458372985065 -0.8440370027170945
0.6591028680125941 -0.4492686362783761 -0.837095110731411
1.1610679053861013 0.8867721248725513 -0.6027299344545907
0.9953654626212273 0.685698160159439 -0.5012804746969658
0.7833072707866378 -0.33076741544895844 -0.6143864244658629
0.6336068104244379 -0.2642150159921022 -0.843755697051984
0.6714630096972526 -0.4252002849127398 -0.839553224499077
1.1669281934573805 0.8886176141155068 -0.594604332727121
0.9967577295875185 0.6770404857213511 -0.4987715764333025
0.7697398704506767 -0.3252089007615923 -0.6124311115603147
0.6452529911927347 -0.2693845900781009 -0.8431165910558264
0.6835393237552831 -0.39893142978430757 -0.8417089584085106
1.1725425442705935 0.8901232396048184 -0.5863658028859602
0.9986073409895727 0.6688905191924337 -0.49656551587320735
0.7556095586481335 -0.31960508392904163 -0.6117265409075626
0.6577713425476528 -0.2767985261483472 -0.842083056051341
0.6949098424421476 -0.36951584458485087 -0.8434797791002564
1.1779224733673974 0.8912973273815575 -0.5780312443153887
1.0008874193653943 0.6612265839266456 -0.4946273045263346
0.7409877258031704 -0.31392982475349424 -0.6124795834913952
0.6720647489903838 -0.2881583779125811 -0.8406764876586199
0.7043197962374416 -0.3346971186994439 -0.8446906190259015
1.183077696023971 0.8921466794813073 -0.5696153341119322
1.003575009147958 0.6540302041276568 -0.4929270805060092
0.7259878241191365 -0.3081481240961787 -0.6149080255559907
0.6939774433892222 -0.31025919295553983 -0.839691219441166
0.7038860132603424 -0.28542264032706416 -0.8441264079059458
1.1880163837970523 0.8926767306362179 -0.5611310526545059
1.00665029943533 0.6472856342514913 -0.49143908359958793
0.7107813980802955 -0.30223159807612326 -0.6191958124955564
0.7370082451032742 -0.2796189108993562 -0.8475291652203061
0.6754623932307653 -0.30648854331288367 -0.8304357270514133
1.19274549355807 0.892891759031579 -0.552590041532774
1.010096259399675 0.6409797189340944 -0.49014069750586675
0.6955676311178124 -0.2961625627500015 -0.6254311294498641
0.7721864382483388 -0.2523795909801716 -0.8526310548153081
0.6576006323131194 -0.32292800379387454 -0.8189917066628479
1.197270984072654 0.8927948559070439 -0.54400299898119
1.013898410700505 0.6351014277009059 -0.48901204258850917
0.6804745855875993 -0.2899994374497492 -0.6335815382720607
0.8054167207370507 -0.22627860220753795 -0.8567155540499493
0.6423265125844666 -0.3377188653512434 -0.807518914169697
1.2015979549520541 0.8923880465226002 -0.5353798974420514
1.0180444888893772 0.6296416972364436 -0.48803541247227267
0.6655361377705314 -0.283895295113195 -0.6435846564773765
0.8376506969732875 -0.2007668413182165 -0.8601694834191393
0.6283461760859684 -0.35148414181493665 -0.7955410905082917
1.2057307692534545 0.8916723679374741 -0.5267301778584589
1.0225242161053019 0.6245933053298963 -0.4871948496555561
0.6507110244271191 -0.2781077020779509 -0.6553831098956243
0.8692251008481525 -0.17561989765258426 -0.8631856578555774
0.6152391743999146 -0.36433993442705864 -0.7828371544440627
1.2096731560384784 0.8906479259508601 -0.5180629163692377
1.0273291357349625 0.6199507880448348 -0.4864757967508289
0.6359160346522899 -0.273001057727549 -0.668901968188996
0.9003124811592419 -0.15071584380187653 -0.8658839750878337
0.6028333437980884 -0.3761905845107393 -0.7692952459981098
1.2134282974572084 0.8893139357304249 -0.5093869696888412
1.0324524957166845 0.6157103973234358 -0.4858647962430827
0.621060478493681 -0.2690239971478908 -0.6839814062120783
0.9310214098996106 -0.12597671511778563 -0.8683435344405156
0.5910468325252944 -0.38682265486012635 -0.7549168792155667
1.216998903753772 0.8876687476925859 -0.5007111047484573
1.0378891704984499 0.6118700942353971 -0.4853492193856853
0.6060803566291729 -0.26663071875035615 -0.7003020755825428
0.9614280592339536 -0.10134761819888688 -0.8706172904694401
0.5798219841153233 -0.3959878519451026 -0.7398495184983847
1.2203872780253335 0.8857098586082055 -0.4920441176328776
1.043635611475839 0.608429572563892 -0.48491701010025123
0.5909645282203557 -0.266145217129011 -0.7173718381054168
0.9915889663221489 -0.07678745383713434 -0.8727406030570689
0.5690899323717048 -0.40351033956442517 -0.724384426025373
1.2235953713468464 0.8834339072966476 -0.48339494727760673
1.049689815241324 0.6053903095424247 -0.4845564349214085
0.5757566269857141 -0.2676449080359851 -0.7346224546736908
1.0215472833711727 -0.05226409182737033 -0.8747366714681452
0.5587608491720079 -0.40937454855613054 -0.7088818255594962
1.2266248288691233 0.8808366551845528 -0.47477279005340517
1.0560513011080064 0.6027556467620983 -0.48425583307689657
0.5605298838570163 -0.27095968312201196 -0.7515605849657969
1.0513363033220224 -0.02775158328741597 -0.8766201473561073
0.5487367743708638 -0.41372958774652896 -0.6936605382698263
1.2294770286571794 0.8779129535084356 -0.46618722094542875
1.0627210940744591 0.6005309108756901 -0.48400335879642054
0.5453559409226649 -0.2757764102141972 -0.7678606923458711
1.0809817006538303 -0.0032284400353570913 -0.8783996237729563
0.5389303689968398 -0.4168185401393231 -0.6789297177000099
1.2321531158984202 0.8746566990731329 -0.4576483256728326
1.0697017125558386 0.5987235851447485 -0.48378670260801715
0.5302875137057982 -0.28175475370368397 -0.7833642849620209
1.1105031104270204 0.021323474370913635 -0.8800793770283143
0.5292748774947396 -0.41889904896834257 -0.6647870427867422
1.2346540347849613 0.8710607789491 -0.4491668473265319
1.076997159512618 0.5973435397233208 -0.48359277418482843
0.5153560519637106 -0.2885949225288915 -0.7980306036167985
1.1399153142416305 0.04591967919309256 -0.8816605805563935
0.5197241335859724 -0.4201970269304635 -0.6512515548626056
1.2369805594552568 0.8671170025400108 -0.4407543517007399
1.0846129129882225 0.5964033254972589 -0.4834073273506519
0.5005764498103457 -0.29605895320443865 -0.8118854106125182
1.1692291507005124 0.07057356762797032 -0.8831421447410371
0.5102480091513489 -0.42089254099151496 -0.6382983332573932
1.239133324643822 0.8628160177992488 -0.4324234171724873
1.0925559097992328 0.5959185355741409 -0.4832145061968545
0.48595277539184334 -0.3039675011094769 -0.8249853439037232
1.1984522156944937 0.09529673083108402 -0.8845213013821058
0.5008274366846075 -0.42112261516882354 -0.6258826508213449
1.2411128563642913 0.8581472068467435 -0.4241878574693784
1.1008345147709004 0.5959082398369073 -0.4829962880644432
0.4714827472487645 -0.31218856231664116 -0.8373974190311954
1.2275894018954576 0.12009916280706415 -0.8857940216602139
0.49145053290690044 -0.4209895338686017 -0.6139537866562176
1.242919603008901 0.8530985543981598 -0.41606298915227347
1.1094584670957373 0.5963955007665779 -0.48273179329484706
0.45716069569074463 -0.3206257858287414 -0.8491886298581109
1.2566433192724082 0.14498937891823502 -0.886955330318153
0.48210995609835894 -0.42056933124884816 -0.6024619438322294
1.2445539677192743 0.8476564798791602 -0.4080659607319043
1.1184387945297813 0.5974079830934725 -0.482396421971889
0.44297936398200866 -0.3292088613051556 -0.8604212940288636
1.285614631523332 0.16997447219008197 -0.8879995582301647
0.47280120795169633 -0.41991875639976906 -0.5913612604327222
1.2460163439954497 0.8418056205146207 -0.4002161680480999
1.1277876844729693 0.5989786764051881 -0.48196076236288743
0.4289309477788233 -0.3378862877491699 -0.8711513852399488
1.3145023363615773 0.19506012648867246 -0.888920560667127
0.46352156894998153 -0.41908051964911874 -0.5806108053403811
1.2473071587717053 0.8355285476873229 -0.39253579247658854
1.1375182972584024 0.6011467596138483 -0.48138919094435506
0.41500766852326454 -0.3466201376098357 -0.8814283116273439
1.3433040111606047 0.2202506024382802 -0.889711918242417
0.4542694357129561 -0.41808710299894486 -0.5701746119711688
1.2484269315681757 0.8288053920224714 -0.3850505173274514
1.1476444989404428 0.6039586503378306 -0.4806380438861254
0.40120207220128556 -0.3553823218260039 -0.8912953345277106
1.3720160398824723 0.24554870978890314 -0.8903671304179132
0.44504390785185144 -0.4169634901706124 -0.5600212976536606
1.2493763666354754 0.8216133435053956 -0.3777905079327528
1.1581804743664237 0.607469301983185 -0.47965317465548135
0.3875071701430779 -0.36415193358814757 -0.900790224937294
1.4006338325472831 0.27095577834264356 -0.8908798065020062
0.43584452889065994 -0.4157291186422411 -0.55012353990234
1.25015651069579 0.8139259811270653 -0.37079179024127923
1.1691401485276902 0.6117438374819616 -0.47836660447343593
0.37391649096030444 -0.3729133530109045 -0.90994596561748
1.4291520446538768 0.2964716382133608 -0.8912438555312351
0.42667112266066465 -0.41439928121590447 -0.5404575370152191
1.250769038785825 0.805712372357959 -0.36409824555076087
1.180536279808948 0.6168596406733572 -0.47669178987548694
0.3604240839233077 -0.38165488568329764 -0.9187914136088754
1.4575648007884372 0.3220946189387245 -0.891453673783202
0.41752368935398737 -0.4129861398519061 -0.5310025079745073
1.2512167890354338 0.7969358687225407 -0.35776458241081044
1.1923789611587723 0.62290905861866 -0.4745167142999751
0.3470244970608387 -0.3903677764652436 -0.9273518906532424
1.4858659239841947 0.34782157562783905 -0.8915043265899334
0.40840233927249175 -0.4114994657059562 -0.5217402512163765
1.2515047851403445 0.7875525197554629 -0.35186090418798815
1.2046730050686185 0.6300028789657148 -0.4716934393785756
0.33371274330796125 -0.39904548851965427 -0.9356496941421857
1.514049170053034 0.3736479487171278 -0.891391719445699
0.399307250709329 -0.40994718458701934 -0.5126547652450573
1.2516422353231742 0.7775090668693143 -0.3464799721572115
1.2174131341924197 0.6382746622845089 -0.4680216816430859
0.3204842622334488 -0.4076831712617394 -0.9437045324416176
1.5421084639860128 0.39956786177275966 -0.8911127521594043
0.39023864352390836 -0.40833578295426975 -0.5037319268773127
1.2516465585751197 0.7667406703669055 -0.3417492035154764
1.2305746510286084 0.6478855874447407 -0.46322188977638235
0.30733488152326516 -0.41627726402838344 -0.9515338928176139
1.5700381336208642 0.4255742588473872 -0.890665449221141
0.3811967631302192 -0.40667061299418883 -0.49495922031344847
1.251551841057221 0.7551692359257376 -0.33785135267094857
1.2440942528330725 0.6590278878704915 -0.4568890476072272
0.29426078047642035 -0.42482519811260955 -0.9591533512909302
1.597833134245098 0.4516590789441447 -0.8900490600357578
0.37218187159842786 -0.4049561239287224 -0.4863255098231284
1.2514276347691426 0.7427057599036955 -0.3350617917753227
1.2578278489602177 0.671919283644702 -0.44840959365334804
0.28125845670488614 -0.4333251706921276 -0.9665768333839403
1.6254892568040442 0.47781346000449043 -0.8892641246811174
0.36319424383758914 -0.403196038866718 -0.4778208494217291
1.2514238450823425 0.7292695873155737 -0.3338181567738138
1.2714503511505668 0.6867597399640224 -0.43680636892712654
0.26832469669447806 -0.4417759716947586 -0.9738168338166127
1.65300331161168 0.5040279583005529 -0.8883125046669047
0.3542341676459407 -0.4013934911426338 -0.46943632396207086
1.251886352889521 0.7148749152372752 -0.334847662499628
1.2841980946218945 0.7035385749195858 -0.4204552683892036
0.2554565506949637 -0.4501768498763232 -0.9808846022805849
1.6803732765972068 0.5302927605589469 -0.8871973832859578
0.3453019468485238 -0.3995511305943294 -0.4611639174343603
1.2536615424027677 0.6999847033423462 -0.3393247046760501
1.2941909387087889 0.7212465046423543 -0.39673452202345244
0.24265131236306714 -0.45852740819380744 -0.987790301980689
1.7075983843856712 0.5565978550034766 -0.885923242168256
0.3363979063618637 -0.3976712087112329 -0.4529964060957164
1.2586340694101046 0.6867025084677562 -0.34834990438593116
1.2972355422088422 0.7352229689239091 -0.3631842258404
0.22990650266273488 -0.4668275222297939 -0.9945431487060418
1.7346790615272978 0.5829331246641257 -0.8844957952733159
0.32752239441146 -0.3957556537586058 -0.44492727614553895
1.2682393756794947 0.6791415062127124 -0.35922094032990737
1.2901367511403234 0.7363347395580405 -0.32580637523629985
0.21721985014443757 -0.4750772825642453 -1.0011515410192537
1.7616164827045842 0.6092884363855361 -0.8829217188847777
0.3186757629460058 -0.39380615489336424 -0.43695066073770306
1.2798818213805663 0.6767282921413085 -0.3671484896091882
1.2786707683152645 0.725877990305696 -0.2952471831516146
0.20458924614979998 -0.48327696673072434 -1.0076231753558447
1.7884118612738025 0.63565417262105 -0.8812079531519751
0.3098583110257514 -0.39182424825068457 -0.42906125382665256
1.2915234258605723 0.6765746253444018 -0.3718106271314218
1.2673721486814704 0.7102986689990552 -0.2722103908347608
0.19201270659602954 -0.491427008563598 -1.0139651125326061
1.8150666791766397 0.6620218312806941 -0.8793613813666584
0.30107027821564003 -0.3898113289628042 -0.4212541981171218
1.302629876613332 0.6772234382828224 -0.3741118129893386
1.2574275619753432 0.6928554436737725 -0.2546702291183783
0.17948836647121602 -0.4995279565407713 -1.0201838321544558
1.8415831084915186 0.6883839945536777 -0.8773889493385242
0.29231187877857023 -0.38776864321351057 -0.41352502237637906
1.3131397008949286 0.6780788780938684 -0.3747630164288717
1.248969879462869 0.6748884330380271 -0.24103144301279336
0.1670144773300326 -0.5075804417165117 -1.0262852914785003
1.8679640577862129 0.7147341906438645 -0.875297677561428
0.2835833205891513 -0.38569730035487254 -0.40586960516760695
1.3231004576541288 0.6788890903846199 -0.3742260349320466
1.2418880466172475 0.6569704841694157 -0.23025333373375328
0.15458940142124425 -0.5155851550181022 -1.0322749809080805
1.8942130681056661 0.7410668037541542 -0.8730945898272054
0.27488481182342916 -0.38359829199248907 -0.39828414440789023
1.3325763140241873 0.6795422750442479 -0.37280146863199276
1.2360330339755874 0.6393611936661007 -0.22165411879401695
0.14221160415087314 -0.5235428305168836 -1.0381579733465387
1.9203341769440112 0.7673770105927016 -0.8707866240984736
0.26621656251755865 -0.3814725107805956 -0.39076512935441376
1.3416259670545698 0.6799879709127415 -0.3706918955963294
1.2312672248996765 0.622182209661539 -0.21477047266474963
0.1298796461826609 -0.5314542326577275 -1.0439389674335278
1.9463317860401754 0.7936607237294326 -0.8683805514198571
0.2575787840732669 -0.3793207670224274 -0.3833093148582606
1.3502985849772695 0.6802043753011373 -0.36803904735813775
1.2274736743007466 0.6054900801399228 -0.20927490525413664
0.11759217577678201 -0.5393201463047669 -1.0496223253445436
1.9722105433374233 0.8199145342087669 -0.8658829105639126
0.24897168791915286 -0.3771438028454894 -0.3759136979348374
1.3586343286793479 0.6801836793676135 -0.3649454970900949
1.2245551429892627 0.5893090086106505 -0.20492757944412426
0.10534792161039964 -0.5471413688927624 -1.0552121058969257
1.9979752417132788 0.8461356518831326 -0.8632999594610264
0.2403954838240082 -0.37494230416419044 -0.36857549657839767
1.3666658355637364 0.6799250395823567 -0.36148768596036335
1.222430959111297 0.5736466165558161 -0.20154737897838965
0.09314568616044273 -0.5549187042016575 -1.0607120936298424
2.023630734436116 0.8723218443276053 -0.8606376420360647
0.23185037808046433 -0.3727169107281516 -0.36129213066150523
1.3744196904052493 0.6794310300914671 -0.3577240370296607
1.2210338793495474 0.558501957550812 -0.1989938859539871
0.08098433965542186 -0.5626529574062626 -1.0661258244289336
2.0491818662532992 0.8984713759061297 -0.8579015682450719
0.22333657166318 -0.3704682245400824 -0.3540612047241914
1.3819176564192632 0.6787057824055709 -0.35370019177482953
1.2203074574028503 0.5438697720388499 -0.1971557428412486
0.06886281457057083 -0.5703449311398878 -1.0714566081771177
2.0746334185615947 0.9245829485466981 -0.8550970049321602
0.2148542584167248 -0.3681968168886392 -0.3468804924519461
1.3891776520651418 0.6777539851405533 -0.34945250052942267
1.2202039551232264 0.5297428216948317 -0.19594288527612472
0.05678010062729061 -0.5779954223708754 -1.0767075488371343
2.0999900669337945 0.9506556454898965 -0.8522288752419076
0.20640362330648931 -0.36590323420197085 -0.33974792265147785
1.396214512487756 0.6765803399873863 -0.34501041685926526
1.2206827129424158 0.5161132005609982 -0.1952812025764264
0.044735240253749975 -0.585605219934626 -1.0818815623081868
2.125256349253793 0.9766888789070209 -0.8493017645642004
0.19798484075596406 -0.363588002893059 -0.3326615665498052
1.4030405808425654 0.6751892671170726 -0.3403981823247924
1.2217088819770279 0.5029730822678818 -0.1951087690173593
0.03272732446377937 -0.5931751025963995 -1.0869813923467309
2.1504366427855532 1.0026823419331115 -0.8463199312768868
0.18959807308894117 -0.36125163333954785 -0.32561962626117946
1.4096661685013967 0.6735847497782237 -0.33563603896049515
1.2232524338693618 0.49031514830561534 -0.1953731202623549
0.020755489113521694 -0.6007058375452148 -1.0920096247980828
2.1755351486320493 1.02863596536458 -0.8432873208446126
0.18124346909259856 -0.3588946231179965 -0.3186204242852871
1.4160999148694666 0.671770257315358 -0.3307411196462541
1.2252873825216244 0.47813283262525924 -0.1960292428232139
0.008818911498489087 -0.6081981792386524 -1.0969687003494657
2.200555882202043 1.0545498790412193 -0.840207582107092
0.17292116271563016 -0.3565174595944345 -0.3116623939180222
1.4223490702365917 0.6697487121702667 -0.3257281140198333
1.2277911678247526 0.4664204595417498 -0.1970380608801837
-0.0030831927428894325 -0.6156528685336966 -1.1018609259849983
2.225502668476626 1.0804243777655498 -0.8370840848353989
0.16463127191392635 -0.3541206219588188 -0.3047440704723595
1.4284197193099655 0.6675224809090929 -0.3206097750165214
1.2307441640187642 0.4551733198851125 -0.19836527688184596
-0.014951572449762368 -0.6230706320509299 -1.1066884852978824
2.2503791410405727 1.1062598915001018 -0.8339199378461254
0.1563738976545008 -0.3517045827796469 -0.2978640832213279
1.4343169586991287 0.6650933774976242 -0.3153973104078832
1.2341292847621854 0.4443877122638285 -0.1999804681240597
-0.02678694351074426 -0.6304521817291285 -1.1114534477937792
2.275188744007136 1.1320569595148982 -0.830718007140147
0.14814912308629427 -0.3492698091458897 -0.29102114798777956
1.440045038358276 0.6624626717680275 -0.3101006902260506
1.2379316639828941 0.4340609658586317 -0.20185637125723288
-0.03858999121163383 -0.6377982145351392 -1.1161577773013835
2.2999347361138924 1.1578162081228143 -0.8274809336774002
0.13995701288416396 -0.34681676345601875 -0.2842140603166518
1.4456074745631051 0.6596310987860845 -0.3047288919976643
1.242138396745347 0.4241914550252073 -0.20396830640673136
-0.05036137238076291 -0.6451094123002495 -1.1208033395909474
2.3246201963991355 1.1835383316306263 -0.824211150514978
0.13179761276983679 -0.34434590390776165 -0.2774416891748492
1.4510071401893823 0.6565988664594826 -0.2992900996478315
1.2467383281894606 0.41477861233754976 -0.2062937059210766
-0.062101717351419866 -0.6523864416593997 -1.125391909288499
2.3492480309825337 1.2092240761408617 -0.8209108991269239
0.12367094921094895 -0.34185768473699363 -0.27070297113187364
1.4562463367028555 0.6533656596842894 -0.2937918677707059
1.251721881441307 0.40582294453847373 -0.20881172190200226
-0.07381163175869337 -0.6596299540737727 -1.1299251761623943
2.373820980570886 1.234874225858152 -0.8175822447943502
0.11557702929660439 -0.3393525562495891 -0.2639969049810428
1.4613268512437856 0.6499306398709916 -0.2882412600730275
1.2570809175327295 0.39732605460362036 -0.21150289300703204
-0.08549169818622158 -0.6668405859207196 -1.1344047508493025
2.398341628391136 1.260489591579118 -0.8142270910076348
0.10751584078525775 -0.33683096468592255 -0.25732254676670935
1.4662500014060094 0.6462924389757558 -0.2826449687803031
1.2628086219889456 0.3892906724372674 -0.21434885543293022
-0.09714247767668471 -0.6740189586377829 -1.138832170078528
2.4228124083200084 1.2860710010736123 -0.8108471928617963
0.09948735231825322 -0.33429335195388077 -0.25067900518746555
1.4710166697061824 0.6424491472754703 -0.2770094203939154
1.2688994139890541 0.38172069640934614 -0.2173320860569004
-0.10876451111842116 -0.6811656789098831 -1.1432089014464952
2.447235613034546 1.311619291095056 -0.8074441694545418
0.09149151379010906 -0.3317401552626343 -0.24406543734902386
1.4756273292671245 0.6383982941172486 -0.27134087223384207
1.27534887497428 0.37462124790364815 -0.2204356678001192
-0.1203583205192576 -0.6882813388906345 -1.1475363477870932
2.471613402052182 1.337135300787085 -0.8040195153163524
0.08352825686469496 -0.3291718066859582 -0.23748104484343735
1.4800820618660604 0.6341368207711662 -0.26564550358873223
1.282153694345203 0.3679987412195499 -0.22364306861981237
-0.13192441017750067 -0.6953665164503213 -1.1518158511782641
2.4959478095644987 1.3626198662817224 -0.8005746109152578
0.07559749562485417 -0.3265887326805596 -0.23092507013367777
1.48438056919917 0.6296610443299084 -0.25992950495790734
1.2893116305046202 0.3618609715307598 -0.22693792627316942
-0.14346326775902368 -0.7024217754443602 -1.156048696620587
2.520240751996946 1.3880738163102617 -0.7971107322872629
0.06769912734180708 -0.3239913535816572 -0.2243967932244422
1.4885221779702502 0.6249666113295808 -0.254199168775279
1.2968214860046645 0.35621722415769175 -0.2303038312003384
-0.15497536528848022 -0.709447665997147 -1.1602361154195706
2.544494035248854 1.4134979686716604 -0.7936290598479824
0.0598330333498531 -0.32138008309497235 -0.21789552860150835
