0.3067797093301555 -0.16569935296772706 0.8479057758512286
0.9788355696014398 0.5423148530506465 0.24055172488744814
-0.14403997208098124 0.4195394081979359 0.8718628073504326
0.588236253391848 0.6135782932856554 -0.2518519912059745
0.9709752543972079 0.7546206928838642 -0.31633007661580087
0.2902038433878548 -0.20711055611503293 0.8266297882779658
1.0094468456152652 0.6148390509674977 0.2874725714215107
-0.16857980557510185 0.42520017522043274 0.8740373076588535
0.5976174234425286 0.5982822208022677 -0.2502553264930422
0.9801709435796526 0.785393682662237 -0.3196685689443371
0.27377757144337705 -0.249825664615113 0.8027576614972383
1.0396383152612005 0.6901541622452924 0.34007476514582513
-0.19381704386052803 0.43090999818577513 0.8757798791134253
0.6073790305507932 0.5826954610083339 -0.24844437138953943
0.9894092514670296 0.8166014510990038 -0.32292103283046286
0.257494671225611 -0.29415667604074386 0.7757896349720167
1.06942440899612 0.7689555324107705 0.3994655318212945
-0.21979196911187363 0.4366633890211193 0.8770498779717758
0.6175292501706806 0.5667738661014852 -0.24639981149678739
0.9987069895657318 0.8483060869425971 -0.32608119058298574
0.2413750117845942 -0.34047491950349795 0.7450580428230322
1.0987615712659395 0.8520700177780434 0.4671255571249957
-0.2465482377308185 0.442454231769792 0.8778014666797215
0.6280778319876936 0.5504701925135247 -0.24410063954346056
1.0080811652959232 0.8805746428185184 -0.32914122958941777
0.22548050351000581 -0.3892304409571003 0.7096529745430075
1.1275127291799654 0.9404990079176005 0.5450744527615938
-0.2741331724015704 0.4482757063758033 0.8779827741178448
0.639036221550597 0.5337335245625937 -0.24152390824439748
1.0175490478644174 0.9134800464225888 -0.33209155839846394
0.20994445368373682 -0.4409772239624693 0.6683028567449771
1.1553819146001967 1.0354744103486466 0.636136556937748
-0.302598072015862 0.4541202014201751 0.8775348987289424
0.6504177110770288 0.5165086011623545 -0.23864444587147243
1.0271282159969508 0.9471021671700846 -0.3349205081256864
0.19502756268897314 -0.49640452193503437 0.6191746131063153
1.181789579360251 1.1385282029906776 0.7443857323400349
-0.3319985365865612 0.45997921540850173 0.8763907200727812
0.662237625171961 0.4987350216165314 -0.2354345280637472
1.0368365810608275 0.9815290769815221 -0.33761396715417774
0.18123024840486635 -0.5563699476727632 0.5595224276745061
1.2056225245984171 1.2515658510071397 0.8759271305396845
-0.3623948017991144 0.4658432471270687 0.8744734752124946
0.6745135496002005 0.4803463001779246 -0.23186349883348562
1.0466923760058249 1.0168585546028732 -0.34015493422575493
0.16953328397630207 -0.6219118397363775 0.48503292270654474
1.224698223751653 1.3768935373089923 1.0403546478396446
-0.3938520739749128 0.47170167721195083 0.8716950439208239
0.687265614870215 0.4612687306201581 -0.22789733382732325
1.0567140962430877 1.0531998972920675 -0.3425229716746888
0.16195893976860712 -0.6941484781168691 0.3885145506948162
1.2345157828295352 1.516993474355956 1.2536679559301462
-0.42644084997359955 0.47754264567136084 0.867953869023536
0.7005168520633317 0.4414200106196419 -0.22349814095202855
1.0669203726084215 1.090676123292431 -0.34469353703368705
0.16303150269405714 -0.7736821395633694 0.2570434552219576
1.225005171490018 1.6731970664760518 1.5446249273972132
-0.46023719590339485 0.48335293333791957 0.8631324110509677
0.7142936475859686 0.4207075591574424 -0.21862360096501451
1.0773297483598847 1.1294266750806727 -0.3466371686179027
0.18416650538778723 -0.8577554434984926 0.06514411770128481
1.170758207261738 1.8393554465804907 1.9699192735943372
-0.49532293829841567 0.48911785479313014 0.8570939893924353
0.7286263386219819 0.3990264313647821 -0.2132263739122022
1.0879603211440774 1.1696107680956238 -0.3483185025086956
0.2595209215119284 -0.9255225077010953 -0.24238697501985923
0.9957519105136059 1.9690584498558026 2.6524092134753188
-0.5317856757492011 0.4948211377393056 0.8496787668305592
0.743550011304343 0.3762566612335386 -0.20725356995114683
1.0988291960176004 1.211411565413285 -0.3496951162631717
0.5133367921200009 -0.8460871301697663 -0.7743787392020511
0.4234684452192171 1.7709659949171117 3.834306307704211
-0.5697183893057806 0.500444508787632 0.84069841680912
0.759105537712236 0.35225954392296327 -0.20064661714257614
1.109951666742527 1.2550413254707296 -0.3507162651393704
1.2243262116219167 0.017037513747587996 -1.2022877091562327
-1.1663996330054247 -0.17149183610653695 4.784425955759664
-0.6092180508872592 0.5059648342974647 0.8299288287896508
0.7753401687429688 0.326870392940536 -0.1933423601628903
1.1213398500071017 1.3007470209769607 -0.35132169628636617
1.3356264721052644 0.6604492947186726 -0.4165411695663894
-1.4217148526780068 -1.6251270662794213 3.033341711891448
-0.65038434095381 0.5113409268415394 0.8171074273715201
0.7923018736371822 0.29987965998961047 -0.18526972869189917
1.1329989333922572 1.3488139129648453 -0.3514381042070375
1.205219575995798 0.7238747802981097 0.037390575707211604
-1.1391810440081067 -1.788098016851579 2.0206032416401487
-0.6933261622466468 0.5165293110821668 0.8019379812133037
0.8100432492375207 0.2710419431427018 -0.1763314660689966
1.1449236888468366 1.3995834868273753 -0.3509704526340121
1.0900842878499204 0.6837471082687383 0.2779791866682898
-0.8907214972175529 -1.7207593338594587 1.4825199109082223
-0.7381545818218508 0.521493292174 0.7840657250326861
0.8286330974581937 0.24007212544255138 -0.16641625991111694
1.1570965263178616 1.4534713345715449 -0.3498034382203293
1.0001977122685783 0.6266043467714792 0.4234862649852281
-0.6985411632224272 -1.6157258090820754 1.1558767660748988
-0.7849772962138435 0.5261940516745641 0.7630640984901009
0.8481561347240251 0.2066203973505583 -0.15539817925701097
1.1694796264468577 1.510984157531207 -0.3477970572531129
0.9284542428849337 0.5692723377983679 0.5207546421889421
-0.5468276320309976 -1.510460735962837 0.9364115356404754
-0.8338932221565994 0.5305897130725661 0.7384206686727328
0.8687169315718386 0.1702486117587464 -0.1431320880805566
1.1820037203207705 1.5727479864089045 -0.3447799943258724
0.8692480708536718 0.5152614432817963 0.5904312658469145
-0.42310712253540916 -1.4127910640112609 0.7781652482175974
-0.8849839802469547 0.5346370385621354 0.7095188577828179
0.8904476098339553 0.13039807468314632 -0.12944880056884275
1.1945511685198056 1.6395496096454474 -0.340541833868283
0.818934945096128 0.4649969716447421 0.6428387434168418
-0.3192718235566031 -1.323676277309714 0.6581577678374929
-0.9383007588587309 0.538295140964181 0.675615275606926
0.9135206243878028 0.08634153179526126 -0.11414960024927645
1.2069294589995339 1.7123982481166897 -0.3348238029954787
0.7751419362819252 0.418145359922402 0.683680407864676
-0.2300435689336936 -1.242385789532837 0.5636901317214779
-0.9938445267629219 0.5415320213753517 0.6358124619515819
0.9381702882219383 0.0371086047079579 -0.09699980113440668
1.2188285244700365 1.7926207687524718 -0.3273079130872152
0.7362748285631641 0.37422523529337615 0.7163595881293608
-0.15187742379187286 -1.1678591652777348 0.4871824617274173
-1.051536699583986 0.544335429481486 0.5890272646117258
0.9647305814983708 -0.01863490024536852 -0.07772124171721398
1.229749694795702 1.8820154585722846 -0.3176046229738905
0.7012249615397778 0.33277521892653195 0.7430327448722847
-0.08230919416689743 -1.0990798055533797 0.42382985446996957
-1.1111762982633173 0.546730211550441 0.5339562320277916
0.9937052222200493 -0.08279220818398308 -0.05598406823806964
1.238882145720258 1.9831141249036375 -0.3052394298555302
0.6691963022583468 0.29339432296936063 0.7651328680300125
-0.019570533485251798 -1.035165072574356 0.37043727906021146
-1.1723785026574869 0.548804932401375 0.4690417833170938
1.0259063090525538 -0.158206272904254 -0.0313995539821738
1.2448747785530463 2.0996587059955076 -0.2896386422823072
0.6396008476112857 0.2557443902307984 0.7836493493620212
0.03764386201273814 -0.9753719624243988 0.32479645265351836
-1.2344887215428069 0.5507506526517127 0.39244736653217976
1.062752102834485 -0.24938237627445958 -0.003520206272641175
1.2453784717452998 2.2375393623460593 -0.27011169702023813
0.6119932810911978 0.219542056394388 0.799286868766243
0.09032166740840862 -0.9190795262300538 0.285331938089901
-1.296466849057518 0.5529129617114992 0.3020575255448136
1.1069791510669076 -0.36404322622515345 0.028130566511036802
1.236014168465849 2.40683513656363 -0.24581137676660608
0.5860288071279361 0.18454892429554187 0.8125601727469633
0.13922669662912113 -0.8657674438087901 0.25088982636633206
-1.3567400335961093 0.5558514687366115 0.19553129055481333
1.164618076829679 -0.5169574085998703 0.06391059961577282
1.2076314058030562 2.626885512843224 -0.21557339094336284
0.5614350813212992 0.15056254893116605 0.8238529841160823
0.1849611402054164 -0.8149966528917381 0.22060605600951672
-1.413031180254326 0.5603816832550673 0.07045706527521178
1.2518351354918094 -0.7413936070246292 0.10335350044853095
1.1370518686864453 2.9415585199456715 -0.1770820691745802
0.5379929096803922 0.11740877767390803 0.8334558570571522
0.22800783758215093 -0.7663935265788175 0.19382113468727974
-1.4621832844963123 0.5675259175547409 -0.07530425838325672
1.4293406442731031 -1.135985176423389 0.14065683927211164
0.9409953795293953 3.4818725885406985 -0.12108399256451335
0.5155222656573689 0.0849352099749752 0.8415910203456441
0.26875897825637846 -0.7196379798988765 0.17002240203253802
-1.4999901684033907 0.5781700657315512 -0.24284420645954571
2.191269439883831 -2.210081504295877 0.0985268217453891
-0.043378297709917524 4.927447837237977 0.05642111199555849
0.49386877730812245 0.05300511549105223 0.8484281457426316
0.3075290287371891 -0.6744569876165412 0.14879969064212514
-1.5206426038841068 0.5916526020055434 -0.42877869395658286
4.303080171405199 3.0640282056183628 -0.7837945779140116
-2.8423620029577075 -2.1065902985819482 1.3690680854532549
0.47291097610176674 0.021502839536112345 0.8541011121731841
0.34459599643450395 -0.6305915317396908 0.12983860937211888
-1.521376696248311 0.6069035326121733 -0.6235316954307644
3.5178193145064514 2.723931991918459 -0.5101889595002063
-1.7861760917645906 -1.6439460480990857 1.1444020388565397
0.4525490514584189 -0.009690312453516328 0.8587042551584061
0.38021513008300084 -0.5878291233188533 0.1128654917357606
-1.5093045530213034 0.6163125300252289 -0.8150408822196517
3.3230282488711977 2.6100988772633635 -0.4084499234641207
-1.5274119728652766 -1.4790861557368857 1.1472792493150876
0.4326970879400107 -0.040680938444371734 0.8623101539138549
0.4146078188872194 -0.5459730464462382 0.09766301162365015
-1.4938447817067873 0.6104142336554226 -1.0003118205315842
3.2233976236236783 2.5511760889321433 -0.3453929369190101
-1.3980336498498214 -1.3765276463693268 1.1977823661405278
0.4132814301400286 -0.07156785851261607 0.8649719583592541
0.4479727215924784 -0.504839190654725 0.08405628167165743
-1.482511334341234 0.5787593035244124 -1.1798453418247763
3.1574403874864947 2.514694366563225 -0.3016174436438051
-1.3107001686053883 -1.285579261212198 1.270393606422901
0.39423867850240085 -0.10244419866140259 0.8667261489221159
0.48049196296606234 -0.4642517285061474 0.07190529047271542
-1.4794989774829341 0.5106644350401854 -1.3518858293371723
3.108738031108935 2.490405385070774 -0.26983172322561966
-1.2405830601826189 -1.1850650083680647 1.3541908445952804
0.3755141418729929 -0.13339902204351378 0.8675946680396457
0.5123359981722054 -0.42403907213990333 0.06110005077461829
-1.485555615860891 0.3977060579658173 -1.507943802308225
3.0708928740368706 2.4739128684090885 -0.24595593526819284
-1.1786511272793943 -1.0632070349387066 1.4378366782543137
0.35706062965638 -0.16451880378391137 0.8675864940383947
0.5436674781765268 -0.3840303088038786 0.05155768573973928
-1.498012186450808 0.2393278397534681 -1.6320669370464533
3.0406649334342952 2.462909691889876 -0.2273756028924534
-1.122484840997115 -0.916519708497626 1.5067360717182086
0.3388374271561475 -0.1958889084380388 0.8666987115579684
0.5746440977389085 -0.34405216715051373 0.04322092854340649
-1.511582840881717 0.04855016213451202 -1.7069762522874108
3.016090708819526 2.4560164361752537 -0.212331258762881
-1.0732051743618505 -0.7522487619322539 1.5465092473011626
0.32080933215128743 -0.2275951311557838 0.8649170355270838
0.6054203765485259 -0.3039263021467289 0.036057517884273825
-1.520790123464161 -0.1499690906974108 -1.7250616568273935
2.995831704902392 2.4523362009764007 -0.19960684110762986
-1.0329083199696896 -0.5864208991705386 1.5502600465876843
0.3029457522276849 -0.2597252112094813 0.8622157224201548
0.6361485866682364 -0.26346627803264716 0.030060184451189433
-1.5226743128697728 -0.33147750860268616 -1.6938130292106133
2.978901995084966 2.451250853995436 -0.1883475887962085
-1.0024074801144123 -0.4355039190398444 1.5221287289669823
0.28521997880560646 -0.2923701676117175 0.8585569107976425
0.6669792966452719 -0.2224735886408153 0.02524742804760272
-1.5173942934351394 -0.4816727092185197 -1.6300107380074103
2.964539733180773 2.452314325205888 -0.177947641684901
-0.9806405374024006 -0.30889523927941676 1.473082056981647
0.2676087241240868 -0.3256254435302679 0.8538895272596142
0.6980618481379476 -0.18073257309415905 0.021665618840338654
-1.5068427216866738 -0.5978343489486798 -1.5503592616149853
2.952140977319019 2.4551914406270727 -0.16797532553579778
-0.9655491502100231 -0.20805088290194457 1.41426749132677
0.2500918886541043 -0.3595920124032931 0.8481478346300718
0.7295446956779321 -0.1380045421427773 0.019392842318871357
-1.4931461742087604 -0.6840168825207537 -1.4666318654777555
2.9412203814610107 2.459620482217893 -0.15812035280792733
-0.9550743908767217 -0.12979779621209242 1.353548792413659
0.23265246702955625 -0.3943776409089179 0.8412495625791968
0.7615753475604565 -0.09402142260618404 0.01854468341765497
-1.477960215336497 -0.7464030675547104 -1.385480699571973
2.9313836458881912 2.465388843487775 -0.1481564184643675
-0.9476124434623451 -0.06955140610514478 1.2953221605212366
0.21527651885652985 -0.4300984740762012 0.8330934528252623
0.7942996811010379 -0.0484789923118041 0.01928211537973886
-1.4623674418502337 -0.7908547905038279 -1.3099933291205028
2.92230649939813 2.4723163203113696 -0.13791566410686548
-0.9420572466741396 -0.023007417730857155 1.2415682436048294
0.19795317204692375 -0.46688109525052407 0.8235559703108862
0.8278604971667605 -0.0010295737233518773 0.0218218132411277
-1.4470028143078875 -0.8221061207164286 -1.2412075127472162
2.913718620096391 2.4802431975980124 -0.1272720278108095
-0.9376903777707049 0.013308130022180363 1.192886416512733
0.18067466446097577 -0.5048652448583706 0.8124868317104952
0.8623952324836858 0.04872609296706049 0.026449476959614776
-1.4322051558019873 -0.843722351210027 -1.1791210826915621
2.90539173769507 2.489021611117087 -0.11613086579390434
-0.9340576808541519 0.042020261975357104 1.1491842823988159
0.16343647103733555 -0.5442074518999708 0.7997028420369158
0.8980327434044133 0.10124823268946806 0.033537132295806196
-1.4181331708735971 -0.8583075476414154 -1.1232664170752664
2.897131225092387 2.4985093271846956 -0.10442279120117212
-0.9308748146662579 0.06505748490790883 1.1100683399507256
0.14623762761755077 -0.5850859364539405 0.7849792683804406
0.9348889943187879 0.15706933117155117 0.04356596090015715
-1.404841620318534 -0.867742644401434 -1.0730091211085262
2.8887704838245307 2.5085654298590496 -0.09210024369622377
-0.9279639001714814 0.08382367506503186 1.075045509234108
0.12908147762556244 -0.6277072827297879 0.7680375571511335
0.973061278543299 0.21680832086602936 0.05715714185323779
-1.3923279255558754 -0.873384986066578 -1.0276926387395129
2.8801674799027412 2.519047594960776 -0.07913575752900356
-0.9252133237025472 0.0993416650173874 1.0436193369212288
0.11197727964704027 -0.6723155664851486 0.7485275149137154
1.0126201682040434 0.28118907239822555 0.07511470582296435
-1.3805596321978955 -0.8762184216168198 -0.986702290036663
2.8712028721867604 2.5298107350622927 -0.06552121754960964
-0.9225527861104655 0.11236128283324304 1.0153314317508255
0.09494350672995946 -0.7192048517075812 0.7260009394698574
1.053597542598085 0.35106516453544573 0.09848692306440726
-1.3694902058207694 -0.8769611762143672 -0.9494890409583403
2.861779266481088 2.5407068553740415 -0.05126760840929666
-0.9199378961191506 0.12343715283712883 0.9897757751320626
0.07801440603146687 -0.7687362378330317 0.6998717691473587
1.0959674161266602 0.4274535498776576 0.12865701820454192
-1.3590679182773453 -0.8761419422756926 -0.9155740680185949
2.851821210659368 2.5515859870717263 -0.03640490292288911
-0.9173406229995293 0.13298374263366597 0.9666002887120784
0.06125280900351408 -0.8213608769106214 0.6693544690518366
1.1396131281257877 0.5115803191395558 0.16748145979489976
-1.3492407036996743 -0.8741532672393164 -0.8845447991395411
2.8412756134560317 2.562298072536365 -0.020981825196685268
-0.9147433306677263 0.1413141363998398 0.9455029040711771
0.044775024960876486 -0.8776503635418234 0.6333663139950406
1.184268134982421 0.6049417945302779 0.21750755755118242
-1.3399586862469015 -0.8712890781945957 -0.856047704436704
2.830112319575756 2.5726956689114573 -0.005065280673148789
-0.9121350081495597 0.14866741459498678 0.9262256758130843
0.028799610491063075 -0.9383348967077838 0.5903678222822296
1.2294043909846246 0.7093820347054905 0.28232749213994823
-1.3311753752877482 -0.8677712054410653 -0.8297803488943303
2.818324606883929 2.582637308928877 0.011260714423443844
-0.9095088563162779 0.15522811189368513 0.9085485971319176
0.01374501828297438 -1.0043452886148632 0.5380932030776676
1.2740129123801085 0.8271783318794117 0.3671757735489735
-1.3228481074512457 -0.8637682742085137 -0.8054838299431892
2.8059293932978724 2.591991305563183 0.027896728629456722
-0.9068607185420627 0.16114016327496059 0.8922838367744549
0.00043232519456005633 -1.0768396502408795 0.4730768641735096
1.3161516836188611 0.9610925160231729 0.4799791866703535
-1.3149380710183636 -0.8594092766644047 -0.7829360375996318
2.792966963485135 2.6006397074627534 0.04473029382632945
-0.9041880393689153 0.1665169960080945 0.8772706563864244
-0.00947175178987103 -1.1571434441167925 0.3897850844527817
1.3519601804464014 1.1142300425750797 0.6332842169155117
-1.307410104684481 -0.8547934084226126 -0.7619458473316223
2.779500062423383 2.6084820096757477 0.061638918538325184
-0.9014891531791352 0.1714489065466471 0.8633710490320086
-0.01242062880783454 -1.2463476022042115 0.278956089562589
1.3733596127145105 1.289139577421045 0.8479453953879176
-1.3002323771534234 -0.8499972579518091 -0.7423482093010122
2.765612255894614 2.6154381060345755 0.07849353546404111
-0.8987627760838741 0.17600850620043576 0.8504660401399293
-0.00037896868001251714 -1.3436172588121797 0.12436350015088724
1.3622502190349177 1.4840456319320365 1.1603224726221495
-1.2933760010408057 -0.8450801002630975 -0.7240000432672419
2.7514054807635726 2.621449829606251 0.09516200142126637
-0.8960076191648452 0.1802547724084242 0.8384525459658221
0.04625078071784918 -1.4394672078298507 -0.1029505725814149
1.2747743471327608 1.6778834955563402 1.6351100537922956
-1.2868145999514373 -0.8400878181564655 -0.7067768463972263
2.73699649855268 2.626480225839397 0.11151213809468917
-0.8932220797416894 0.1842360548304395 0.8272406527710574
0.17751895132467801 -1.4890211894928993 -0.44770421764220825
0.9992844086894312 1.770792972276842 2.372074636575118
-1.280523833189657 -0.8350558317484208 -0.6905699700103978
2.7225107788464493 2.630509444452969 0.1274141117701727
-0.8904040486660127 0.1879921883096478 0.8167511338643897
0.4972527007336842 -1.328219487459009 -0.9025199709881057
0.3044603500053402 1.3976464281554835 3.3550296183052453
-1.274480970033227 -0.8300114035986442 -0.6752846725352866
2.708067714162651 2.63352696606491 0.1427446894940079
-0.8875511950403673 0.19155549526271085 0.8069129950177435
0.9605306269390216 -0.7561002255043712 -1.0871035943976226
-0.709879106851873 0.11117706341313927 3.7377850604100122
-1.2686652518297314 -0.8249760334451425 -0.6608392313212081
2.69374211772864 2.6355311721410315 0.157407638853822
-0.8846631465454246 0.19494988652415357 0.7976615407835884
1.164244570107161 -0.24132140714039363 -0.7927549279280836
-1.1465982825058911 -1.0456749252344466 3.055919208468526
-1.263060399463758 -0.8199684166479043 -0.647163433659084
2.6795378569218307 2.63657362355139 0.17137657328025863
-0.8817451920254425 0.19819066426796417 0.7889406911050495
1.1641604480006122 -0.015366679690664325 -0.46621375222335887
-1.1298619633794067 -1.557932130664071 2.30367923168538
-1.2576539553770458 -0.8150041832873677 -0.6341937176761548
2.665481790283728 2.636765865964417 0.1846571785316716
-0.8788032810111347 0.20129192878803703 0.7807055709530794
1.110645075275968 0.0648812938420592 -0.2301185857916761
-0.994458670612709 -1.7443225325282712 1.7540161716382519
-1.2524340124813518 -0.8100947977173286 -0.6218719621849613
2.6516429314878973 2.636216327298357 0.1972432028134256
-0.8758399437069775 0.20426857492936418 0.7729175740742741
1.050982428159667 0.08554398110459371 -0.06512034395331037
-0.8457682512474148 -1.7967010635745329 1.363878610558492
-1.247388914118341 -0.8052485175740451 -0.610145932404455
2.6380949294694367 2.635019609018677 0.20912717770961964
-0.8728558189418933 0.20713428586380492 0.7655417208772118
0.9960756759200173 0.0810212290751487 0.05369814968251556
-0.7081832845621453 -1.7917948868611442 1.0778109279040082
-1.2425075908788368 -0.8004713301590494 -0.598968942958019
2.6249010319453188 2.633261311028975 0.2203087734222521
-0.8698508765722162 0.2099008362383453 0.758546075971671
0.9475856370058564 0.06531846596279979 0.14245663000538103
-0.5855012641660099 -1.760929050331505 0.8599214939736339
-1.2377797270371103 -0.7957675498781347 -0.5882992438458206
2.6121108838345104 2.631020683854734 0.23079657287318567
-0.8668249305870532 0.2125781211893493 0.7519015053476438
0.9049653030382494 0.044569586849361006 0.21095730356633155
-0.476580907591087 -1.7178984004561648 0.6883646129267301
-1.233195796821223 -0.7911402140843911 -0.5780994086989123
2.5997609096164225 2.628371313673111 0.24060726786164482
-0.8637778444291739 0.21517437581681603 0.7455814496153166
0.8672617922699795 0.02164043883957946 0.26528482381916824
-0.3793550598929935 -1.6692129521616235 0.549556741061299
-1.2287470405878889 -0.786591364703941 -0.5683357911015765
2.587875729724785 2.625381047933425 0.24976408559444838
-0.860709615411403 0.21769641769380382 0.7395616923423189
0.8335743702078349 -0.002069593352381608 0.30935502680428534
-0.29185313114839573 -1.6181071529272335 0.4347325810012374
-1.2244254166382367 -0.7821222587995529 -0.5589780552382146
2.576469837585552 2.622111767436565 0.2582951102886181
-0.8576204095144685 0.2201498681298921 0.7338201356439729
0.8031506884388576 -0.025863978525679815 0.345781112973152
-0.21241838779656752 -1.5662392054834413 0.3380200465734621
-1.220223544995691 -0.7777335308895001 -0.5499987732916807
2.5655492722837416 2.6186192444472787 0.2662317424961676
-0.8545105743543856 0.22253934360388547 0.728336591689242
0.7753854841512854 -0.04940094908896228 0.3763648930702625
-0.13970797617496009 -1.5144659005004055 0.25534930244025583
-1.2161346505020878 -0.7734253204605188 -0.5413730799091231
2.555113181718289 2.6149531578524385 0.2736073790992837
-0.8513806417284322 0.22486861880692097 0.7230925937313825
0.7497966014013963 -0.0725247685896174 0.4023845254831162
-0.07264219466971836 -1.4632185511962055 0.18381431127385084
-1.2121525084851028 -0.7691973733625213 -0.5330783748184278
2.5451552308295344 2.6111572640568443 0.2804563312911659
-0.8482313246455193 0.22714076514431972 0.7180712272245295
0.7259995645878633 -0.09517972650175449 0.4247691245406843
-0.01035022796238469 -1.4126950344018236 0.12128575651238643
-1.208271394328023 -0.7650491230987609 -0.5250940660016575
2.535664837220008 2.607269694319834 0.2868129690252677
-0.8450635110235508 0.22935826866683526 0.7132569800468208
0.7036860422614285 -0.11736451531669297 0.4442083670157398
0.04787578191892884 -1.3629621133833483 0.06616826996983179
-1.2044860373540631 -0.7609797563750573 -0.5174013471052465
2.5266282319998288 2.603323341712445 0.2927110677707248
-0.8418782550525253 0.23152313089118678 0.7086356101672621
0.682606835480944 -0.1391072870313731 0.46122345344728255
0.1026169034612106 -1.3140118293116316 0.017243355906709897
-1.2007915789970605 -0.756988266177345 -0.5099830038544018
2.5180293531760523 2.599346302609058 0.29818332873136355
-0.8386767667022912 0.233636955351111 0.7041940288625779
0.662558765883115 -0.16045173388488984 0.47621433642972305
0.15435518923338684 -1.2657933962266497 -0.026435124499560744
-1.1971835350257676 -0.7530734948815285 -0.5028232451351926
2.5098505846496177 2.595362343146852 0.30326104322742453
-0.8354603996342604 0.2357010221551342 0.6999201975892403
0.6433746368069891 -0.18144924628656772 0.48949193142410863
0.20349486522626795 -1.2182315680356102 -0.0656122560858996
-1.1936577615032606 -0.7492341693437604 -0.4959075551382849
2.502073356999376 2.591391367663937 0.3079738737520548
-0.8322306376968415 0.23771635235620356 0.6958030367264881
0.6249155367125174 -0.20215451450913646 0.5013005626420767
0.2503785303128188 -1.1712373083509413 -0.10088180569697808
-1.190210424137852 -0.7454689295044212 -0.4892225635532569
2.4946786274583146 2.5874498724330404 0.3123497271693131
-0.8289890801703813 0.23968376356156512 0.6918323445662661
0.6070649073373785 -0.22262312611737067 0.5118339003311918
0.29529961940116695 -1.1247139656637302 -0.1327216001662274
-1.1868379706872936 -0.7417763517233315 -0.48275593128841937
2.48764725639465 2.5835513734552165 0.31641469892734564
-0.8257374259425558 0.241603917917193 0.6879987251031594
0.5897239389163177 -0.24291034114687693 0.5212464608638189
0.33851207434211894 -1.0785607621284001 -0.16151912422137324
-1.1835371060981894 -0.7381549678198552 -0.47649624958967746
2.480960296656307 2.5797068014796305 0.3201930705978397
-0.8224774568206535 0.24347736337571924 0.6842935233548332
0.572807965914727 -0.26307057295966435 0.5296620181832634
0.3802379220708696 -1.0326746405196818 -0.18759031331731796
-1.180304770088957 -0.734603280601069 -0.4704329507604278
2.4745992106756365 2.575924860791621 0.32370734627467945
-0.8192110202130314 0.24530456898709316 0.6807087671127775
0.5562436204829299 -0.2831572981943002 0.5371798228386317
0.42067327624527984 -0.9869510833424433 -0.21119351494984648
-1.1771381169129076 -0.7311197765110335 -0.4645562289563703
2.468546028524306 2.5722123507812107 0.326978316242221
-0.8159400114327167 0.24708595482570794 0.6772371141802627
0.5399665626277095 -0.30322323266018303 0.5438792349832793
0.4599931444113529 -0.9412842687657501 -0.23253995143452527
-1.1740344970656957 -0.7277029359150166 -0.4588569697551594
2.462783458339806 2.5685744510235478 0.330025138805401
-0.8126663558887828 0.24882191707680243 0.6738718042975569
0.5239196513473199 -0.32332067751932037 0.5498231877125623
0.4983553251846373 -0.8955667799076008 -0.25180159809256497
-1.1709914407273503 -0.7243512414372955 -0.45332668738954357
2.4572949588352433 2.5650149717290343 0.332865433257383
-0.8093919914344558 0.2505128487404543 0.6706066150830852
0.5080514540930087 -0.3435019813297692 0.5550607697678362
0.5359036091422666 -0.8496889934853348 -0.2691171105029784
-1.1680066427528213 -0.7210631846946972 -0.44795746869082614
2.4520647820249866 2.5615365720966223 0.3355153786715396
-0.8061188511346639 0.2521591563666551 0.6674358214333419
0.49231501622238516 -0.36382008952358624 0.5596291292724448
0.5727704456215993 -0.8035382166352991 -0.2845962425898185
-1.1650779490463128 -0.7178372717063367 -0.4427419229225568
2.4470779928872495 2.5581409494494145 0.3379898145838553
-0.8028488467004536 0.25376127320417996 0.6643541579243822
0.4766668300172995 -0.38432917002854805 0.5635548386387713
0.6090792000108608 -0.7569976027921254 -0.298323062397019
-1.162203344173644 -0.7146720272100217 -0.437673136796714
2.4423204714537454 2.5548290021443596 0.34030234072545096
-0.7995838528144161 0.255319669124647 0.66135678384417
0.46106595609420437 -0.40508531582217694 0.5668548160073335
0.6449460985225922 -0.7099448505697981 -0.310358174321879
-1.1593809400836443 -0.711565998075142 -0.43274463405979585
2.4377789017635787 2.551600969202901 0.3424654138189376
-0.7963256925414088 0.25683485766760844 0.6584392505586507
0.44547325989359715 -0.4261473346082363 0.5695368645109853
0.6804819370923003 -0.6622506684098265 -0.32074008196931614
-1.156608965824307 -0.708517755968688 -0.4279503391170897
2.4334407512316822 2.54845654946374 0.3444904401094619
-0.7930761239840793 0.25830740053986057 0.6555974709759578
0.42985073331097173 -0.4475776441257751 0.57159986308249
0.7157936159417204 -0.6137769688790091 -0.3294857653357046
-1.1538857581522999 -0.7055258994038895 -0.42328454423227435
2.4292942432447115 2.5453950028539327 0.3463878627994888
-0.7898368283047084 0.25973790989024054 0.6528276909235582
0.4141608771080089 -0.4694433000327691 0.5730336182628358
0.7509855500044316 -0.5643747373068074 -0.3365904927168974
-1.1512097529456522 -0.7025890552786769 -0.4187418798983627
2.4253283251907876 2.5424152361398678 0.34816724392805487
-0.786609399195398 0.2611270486684867 0.6501264622933859
